Coefficients for the local unstable manifold of the equilibrium point EE1.
Surface of order 12 for the second row of Figure 8.
Please read section 4.2 to understand the notation.
%==========   COEFFICIENTS FOR "s"   ===================
0.544084861251616  (m+n=0)

0.009967952796824036  -0.009950691856882908 (m+n=1)

0.0012167587973313438  -0.0008792415968847071  0.00014495200420132525 (m+n=2) and so on.

4.016899483176102e-05  -3.5633785735322607e-05  2.01267547925838e-05  -7.42556110813532e-06

1.3489132576912676e-06  -3.917639429227398e-06  3.93186848194867e-06  -1.0039370813726138e-06  -1.0592742655832377e-07

1.963519813260692e-07  -4.4779600260713413e-07  2.1433344219297788e-07  4.091932628107156e-08  -7.3708959335821906e-09  -1.3020447291955469e-08

9.803136798162436e-09  -1.4531052733438553e-09  -1.607240782285508e-08  -1.788850599080953e-10  1.0496853009386704e-08  -2.038809074328633e-09  -7.590735388317646e-10

-4.73750711016583e-10  1.1802766464149812e-09  1.4794960867098549e-09  -3.4051762533211724e-09  8.576772779799222e-10  6.55927786964741e-10  -1.3485072951740337e-10  -5.571554906638373e-11

6.748091999683543e-12  -2.3248997868636083e-10  4.1847504716920137e-10  -8.965747160931116e-12  -2.9219462503757295e-10  7.42039436723142e-11  5.6776258181038754e-11  -1.1499015966812352e-11  -4.1313187443175445e-12

6.752911372818205e-12  -1.1757735080708926e-11  -3.0183514901124904e-11  5.945269984344716e-11  -6.046761209472498e-12  -2.983413076065856e-11  8.066717625382349e-12  4.7118825372402255e-12  -9.708257639029827e-13

-2.282430044833215e-13  2.82805440968121e-12  -4.059180062183063e-12  -3.474779339707455e-12  8.128333907831681e-12  -1.454011298190082e-12  -2.9035280580962245e-12  8.332531376834636e-13  4.005377658473888e-13  -8.386267061806704e-14  -2.541678734573094e-14

-4.999778554952171e-14  -1.2374838799020421e-14  6.785907158366979e-13  -9.481201379978824e-13  -2.760413044051393e-13  1.007471836526744e-12  -2.306368218215942e-13  -2.8000340317371577e-13  8.471682829658109e-14  3.472738747325286e-14  -7.398240443805108e-15  -2.0744112312943408e-15

4.605998004685067e-15  -3.3742440206055807e-14  2.4625372421481243e-14  1.159265169713731e-13  -1.7270200045377256e-13  -8.657204524442528e-15  1.1750120754248427e-13  -3.11524270842589e-14  -2.7075533403587426e-14  8.61701556223138e-15  3.046257039425856e-15  -6.62339122702251e-16  -1.72983962627896e-16

%==========   COEFFICIENTS FOR "e"   ===================
0.000978926163334 (m+n=0)

-7.135796586455044e-05  9.043244084391379e-05 (m+n=1)

-1.4764824324845321e-05  1.2354184769838638e-05  -2.314554019454544e-06 (m+n=2)

-6.86062269195005e-07  6.76706260056467e-07  -4.202556702540616e-07  1.6894568653767635e-07

-2.9677511409445482e-08  9.349770184353783e-08  -1.0117768506163883e-07  2.7717868643147112e-08  3.11444999780025e-09

-5.267889181185773e-09  1.2848869341062792e-08  -6.553313252824823e-09  -1.3201457191823853e-09  2.5111597927460793e-10  4.697123278515339e-10

-3.102466919919129e-10  4.952992780884387e-11  5.664241739819313e-10  7.210203468226047e-12  -4.0924076059160107e-10  8.320538696032235e-11  3.233994452960649e-11

1.7210885942404825e-11  -4.5033933881951356e-11  -5.931114157473209e-11  1.4258158752656152e-10  -3.747988542969053e-11  -2.9821538383884224e-11  6.37427962361876e-12  2.7340588631319037e-12

-2.786448322123402e-13  9.981830986509937e-12  -1.872306987060445e-11  4.226817644517696e-13  1.4117936212011725e-11  -3.718083342197807e-12  -2.9469442802287985e-12  6.17296846692224e-13  2.290865251037023e-13

-3.0923707711975405e-13  5.597473671525427e-13  1.4898141771990888e-12  -3.041298563009389e-12  3.199412891893761e-13  1.6325097215453853e-12  -4.556850284682009e-13  -2.7444622726431585e-13  5.825258094126065e-14  1.9710010850233934e-14

1.1503095854479857e-14  -1.476181602091559e-13  2.190967148128581e-13  1.9374217470328887e-13  -4.675296135733043e-13  8.620039952635918e-14  1.7718903116234054e-13  -5.230607165596021e-14  -2.5839716170590443e-14  5.5556881777335345e-15  1.7276850939881563e-15

2.7505807656305804e-15  7.03073957609272e-16  -3.972936515591536e-14  5.717437923119462e-14  1.712522778419375e-14  -6.426705469869268e-14  1.5113457249252853e-14  1.8832277330135143e-14  -5.844016357151988e-15  -2.4551975836552207e-15  5.357245378652037e-16  1.53750218170974e-16

-2.743935783635844e-16  2.0692625054476115e-15  -1.5533029237353582e-15  -7.512648561803251e-15  1.1491639832458198e-14  5.908174724228891e-16  -8.223559921939937e-15  2.233751033943153e-15  1.9875971819274987e-15  -6.472532269503964e-16  -2.33977435485646e-16  5.1993546354962224e-17  1.3870463985556674e-17

%==========   COEFFICIENTS FOR "i"   ===================
0.011598970030269 (m+n=0)

-0.0007967591110213475  0.0009877011405314876 (m+n=1)

-0.00015586875171970542  0.00012772366590671456  -2.3443275811406495e-05 (m+n=2)

-6.867673018594748e-06  6.640642022728344e-06  -4.04477449654845e-06  1.595473843818006e-06

-2.824278449227157e-07  8.732561275800512e-07  -9.277182254190967e-07  2.495689878849662e-07  2.755636391850212e-08

-4.7789638373215273e-08  1.1448872097830004e-07  -5.7364939056768275e-08  -1.1366556771391993e-08  2.126039764257324e-09  3.907362117591447e-09

-2.6884327491627613e-09  4.207373051011035e-10  4.746242980035413e-09  5.853449246764472e-11  -3.3167942136527874e-09  6.636155652668634e-10  2.539111552551951e-10

1.42808221588637e-10  -3.6759358841096876e-10  -4.761066580839957e-10  1.1266823213336373e-09  -2.915477744533986e-10  -2.2846484769269435e-10  4.809714919432749e-11  2.0322531385652156e-11

-2.2143434904693995e-12  7.815420139379627e-11  -1.4434007373632387e-10  3.201597025313594e-12  1.0559627896524057e-10  -2.740076266643392e-11  -2.140095698914899e-11  4.418781420618363e-12  1.6167534869819078e-12

-2.3627249010033728e-12  4.2122442304043505e-12  1.1046862203159998e-11  -2.2221146698259662e-11  2.304407939366948e-12  1.1588930303730665e-11  -3.189605538098776e-12  -1.894539387186301e-12  3.9665441029766853e-13  1.3240748394451436e-13

8.456316684057789e-14  -1.069431116147497e-12  1.5646298974668e-12  1.3639928200233989e-12  -3.2459694729421235e-12  5.902799296635604e-13  1.1969938951306448e-12  -3.486464732486614e-13  -1.6996945256935305e-13  3.607043194462988e-14  1.1073359714556714e-14

1.9479877769581324e-14  4.9075903500223355e-15  -2.7361332885791866e-13  3.8841323277539426e-13  1.1478332133704186e-13  -4.250605351536422e-13  9.865697753785245e-14  1.213480094787524e-13  -3.717806122094996e-14  -1.5423204883533162e-14  3.323633993232957e-15  9.421841996124209e-16

-1.874642709191581e-15  1.394681778734895e-14  -1.033015502174538e-14  -4.9307316093348565e-14  7.444623623502293e-14  3.778272576941436e-15  -5.1929925403110573e-14  1.3929929331944407e-14  1.2242273205672865e-14  -3.938189934105563e-15  -1.4065226495446631e-15  3.0884282172254833e-16  8.142428118292586e-17
