Coefficients for the local stable manifold of the equilibrium point EE2.
Surface of order 9 for the first row of Figure 8.
Please read section 4.2 to understand the notation.
%==========   COEFFICIENTS FOR "s"   ===================
0.85113166593015 (m+n=0)

0.0001289846089756033  0.009999470287737363 (m+n=1)

2.486886034688973e-06  4.062211208096636e-06  0.00013009845975603447 (m+n=2) and so on.

2.8283995735951155e-07  7.514114757058509e-08  8.202768372344038e-07  1.4127231200456486e-06

5.0872647364450575e-08  8.14898403706879e-09  3.179688693529892e-08  2.042270788561521e-08  -1.0821245314760633e-08

1.1443474672238994e-08  1.3954319211759207e-09  5.432201828250598e-09  7.617471003783766e-10  2.4916206645049643e-09  -2.4064148987504654e-10

2.9435308903030427e-09  2.9811022010372634e-10  1.3038199203761267e-09  1.231299743754781e-10  1.9886429485919148e-10  4.685681186091448e-11  2.846829235722598e-12

8.282103562459377e-10  7.262265228652452e-11  3.6681539461228984e-10  2.781953994565157e-11  5.145035034678576e-11  3.556732008948143e-12  4.884516658119919e-12  8.46493090428379e-14

2.4851784125345013e-10  1.92918230295526e-11  1.1327313303758713e-10  7.331044203928081e-12  1.6546253011267866e-11  8.542872563407947e-13  8.175010729686409e-13  6.135278421950546e-14  -1.2117298072645945e-15

7.827354323801343e-11  5.446235549215732e-12  3.719621565320489e-11  2.109511105106537e-12  5.836486093599157e-12  2.5276687542466895e-13  3.221553271508589e-13  9.534314282442295e-15  7.086697265320391e-15  -3.1524857334744955e-17

%==========   COEFFICIENTS FOR "e"   ===================
0.000319872040294 (m+n=0)

-0.0014221251787214727  -8.520886361831437e-06 (m+n=1)

-4.559629398301315e-06  -4.4281217643419175e-05  5.7845098471738e-08  (m+n=2)

-4.058364798023473e-07  -1.3769374367361694e-07  -8.83200454558326e-06  2.4666780165603864e-09

-6.58372899067612e-08  -1.1690722579516541e-08  -5.824007636988747e-08  -2.1749453672844493e-07  -3.2955837429058974e-11

-1.3986764283601079e-08  -1.805758825889734e-09  -7.791743173967105e-09  -1.3944717460030236e-09  -2.6215289208666894e-08  -1.0477539129333854e-12

-3.469214412777502e-09  -3.6434618315364307e-10  -1.687051199699998e-09  -1.7658389960184918e-10  -3.6388147334675727e-10  -4.878749363808115e-10  1.6097562505204133e-14

-9.518350109560773e-10  -8.558940037921125e-11  -4.48291354795208e-10  -3.599354931387044e-11  -7.37727070845002e-11  -6.504469719579872e-12  -5.0248958111174354e-11  5.900997861963219e-16

-2.8038173768269256e-10  -2.217092548910327e-11  -1.3349293708845873e-10  -8.958949114260403e-12  -2.1405897315015125e-11  -1.2247337636051116e-12  -1.4943738990624797e-12  -6.251126858747746e-13  -1.0024965463123535e-17

-8.706899932137361e-11  -6.1444178186915395e-12  -4.27461929378434e-11  -2.4859868880754255e-12  -7.132105668232988e-12  -3.2697843207004294e-13  -4.61765609693923e-13  -1.7418361675918814e-14  -7.132186234530621e-14  -3.025521799912992e-19

%==========   COEFFICIENTS FOR "i"   ===================
0.003789987121971 (m+n=0)

0.0014003295850241217  -0.00010257367670740071 (m+n=1)

2.1551299823717454e-06  4.354569197268478e-05  7.076691186486213e-07 (m+n=2)

1.262125428059885e-07  6.503488444615397e-08  8.673967889281812e-06  3.067372598950554e-08

1.5256151380831115e-08  3.6342286946249264e-09  2.7492829025761953e-08  2.1332491430676274e-07  -4.1671245835835657e-10

2.582766123966179e-09  4.1831052945135985e-10  2.4211826462913834e-09  6.577944523560084e-10  2.567924097517764e-08  -1.3473783095511906e-11

5.324651646874675e-10  6.726286882304959e-11  3.906916862085429e-10  5.484832645561565e-11  1.7155875518438656e-10  4.772790034780016e-10  2.1061852229775767e-13

1.2498907558226276e-10  1.3133831117951583e-11  8.273995924819415e-11  8.33290771513592e-12  2.2905008196152178e-11  3.064332572886696e-12  4.9093783040249137e-11  7.856731140325594e-15

3.2171177535906426e-11  2.9108404895651635e-12  2.0480539595863833e-11  1.6531236598481161e-12  4.954186787200241e-12  3.800978553408747e-13  7.036706755198375e-13  6.099522576878785e-13  -1.3588600788536861e-16

8.870768328262598e-12  7.049068886151265e-13  5.611208745694856e-12  3.8132328245600425e-13  1.315709249189223e-12  7.565261248068466e-14  1.432512575070606e-13  8.19520549816897e-15  6.95019370151431e-14  -4.175832534928381e-18
